N = 40 

a_1 : 7.68500479e-10 * ((abs(x - 0.5))**7.67871985) + 7.95e-12
a_2 : 6.34986683e-12 * ((abs(x - 0.5))**2.47000924) + 7.95e-12
a_3 : 1.05132046e-11 * ((abs(x - 0.5))**2.88510294) + 7.95e-12


N = 320 

a_1 : 2.94644506e-10 * ((abs(x - 0.5))**6.59139551) + 7.85641e-12
a_2 : 7.83498623e-11 * ((abs(x - 0.5))**5.01789054) + 7.85641e-12